151,9
151,8
151,7
151,6
151,5
151,3
151,1
150,42
150,14
150,8
150,4
150,3
150,1
147,4
147,3
147,1
146,36
146,35
146,34
146,32
146,31
146,30
146,29
146,28
146,27
146,26
146,25
146,24
146,23
146,22
146,21
146,20
146,19
146,18
146,17
146,16
146,15
146,14
146,13
146,12
146,11
146,10
146,9
146,8
146,7
146,6
146,5
146,4
146,3
146,1
137,3
137,1
137,0
132,3
132,1
132,0
130,4
130,3
130,1
130,0
126,6
126,5
126,4
126,3
126,1
108,3
108,1
108,0
88,5
88,3
88,1
88,0
86,4
86,3
86,1
84,1
84,3
84,0
83,8
83,1
83,3
62,3
62,1
62,0
19,1
19,3
17,1
17,3
16,1
16,3
14,1
14,3
12,1
12,3
10,1
10,3
9,1
9,3
6,1
6,4
5,1
5,3
2,13
2,11
2,10
2,8
2,3
2,1
1,1
1,3
0,362
0,355
0,310
0,305
0,308
0,304
0,303
0,302
0,307
0,12
0,443
0,10
0,8
0,0
0,434
0,300
0,433
0,299
0,447
0,298
0,431
0,297
0,430
0,296
0,429
0,295
0,428
0,294
0,427
0,293
0,426
0,292
0,425
0,291
0,424
0,290
0,423
0,289
0,422
0,288
0,421
0,287
0,420
0,286
0,419
0,285
0,418
0,284
0,417
0,283
0,282
0,415
0,281
0,414
0,280
0,413
0,279
0,412
0,278
0,411
0,277
0,410
0,276
151,10
151,11
151,13
151,14
154,3
154,1
155,7
155,9
4,0
4,1
1,0
2,4
2,0
4,3
155,8
155,1
151,15
151,12
0,409
0,275
0,407
0,274
0,406
0,273
0,405
0,272
0,404
0,271
0,403
0,270
0,402
0,269
0,401
0,268
0,400
0,267
0,399
0,266
0,398
0,265
0,397
0,264
0,396
0,263
0,395
0,262
0,394
0,261
0,393
0,260
0,392
0,259
0,391
0,258
0,390
0,257
0,389
0,256
0,388
0,255
0,387
0,254
0,372
0,253
0,386
0,252
0,354
0,251
0,325
0,250
0,370
0,249
0,384
0,248
0,358
0,247
0,382
